numPoints 96
0.527902 0.185268
0.665963 0.175253
0.818866 0.183883
0.953125 0.170267
1.09185 0.167863
1.23237 0.168527
1.36328 0.184082
0.477648 0.27257
0.561105 0.34654
0.759455 0.325616
0.951257 0.317094
1.13259 0.321111
1.30294 0.320978
1.47839 0.245052
1.59375 0.26224
1.70905 0.291218
1.80859 0.368089
0.424805 0.502197
0.549107 0.432812
0.705116 0.465307
0.867832 0.476831
1.0341 0.478069
1.20365 0.46467
1.38479 0.448598
1.51822 0.448045
1.67224 0.462661
1.85547 0.472656
0.31467 0.621311
0.469431 0.660761
0.597798 0.586457
0.756964 0.627684
0.936794 0.644098
1.11344 0.621918
1.2815 0.591883
1.42204 0.636241
1.57424 0.623332
1.72035 0.636619
1.82812 0.578664
0.248935 0.777344
0.400829 0.802192
0.59827 0.768195
0.778629 0.785893
0.922536 0.818917
1.06467 0.788656
1.24049 0.75558
1.38945 0.807038
1.53246 0.808956
1.69434 0.761719
0.251776 0.947443
0.479078 0.93763
0.659222 0.923726
0.838135 0.961725
0.97831 0.971627
1.14744 0.926192
1.292 0.914122
1.43935 0.975294
1.6224 0.984375
1.67188 0.880927
0.186472 1.09375
0.314859 1.1303
0.428013 1.09481
0.602125 1.09582
0.752497 1.06265
0.886719 1.17746
1.07458 1.07539
1.26475 1.07583
1.46094 1.15775
1.55273 1.07747
0.205653 1.23438
0.377256 1.30253
0.533778 1.24854
0.698568 1.26953
0.779225 1.20284
0.998114 1.19558
1.11517 1.22177
1.23828 1.23193
1.35547 1.21205
0.212891 1.36328
0.271412 1.46123
0.521177 1.41258
0.702187 1.35969
0.796875 1.41977
0.898438 1.47025
0.388672 1.62891
0.372991 1.51183
0.599351 1.56442
0.707031 1.62695
1.00391 1.5173
1.09938 1.59563
0.455492 1.73461
0.574107 1.70201
0.798913 1.69463
0.886719 1.75
1.11449 1.70124
0.967731 1.80231
1.05709 1.79778
numTriangle 411
0 1 8
7 0 8
1 2 9
8 1 9
2 3 10
9 2 10
3 4 10
4 5 11
10 4 11
5 6 12
11 5 12
12 6 13
8 9 19
18 8 19
9 10 20
19 9 20
10 11 21
20 10 21
11 12 22
21 11 22
12 13 23
22 12 23
13 14 24
23 13 24
14 15 25
24 14 25
15 16 25
25 16 26
27 17 28
17 18 29
28 17 29
18 19 29
19 20 30
29 19 30
20 21 31
30 20 31
21 22 32
31 21 32
22 23 33
32 22 33
23 24 34
33 23 34
24 25 35
34 24 35
35 25 36
25 26 37
36 25 37
27 28 39
38 27 39
28 29 40
29 30 40
39 28 40
30 31 41
40 30 41
41 31 42
31 32 43
42 31 43
32 33 44
43 32 44
33 34 44
44 34 45
34 35 46
45 34 46
35 36 47
46 35 47
38 39 48
39 40 49
48 39 49
40 41 50
49 40 50
41 42 51
50 41 51
42 43 52
51 42 52
43 44 53
52 43 53
44 45 54
53 44 54
45 46 55
54 45 55
55 46 56
46 47 57
56 46 57
58 48 59
48 49 60
59 48 60
49 50 61
60 49 61
50 51 62
61 50 62
51 52 63
62 51 63
52 53 64
63 52 64
53 54 65
64 53 65
54 55 65
65 55 66
55 56 67
66 55 67
58 59 68
59 60 69
68 59 69
60 61 70
69 60 70
70 61 71
61 62 72
71 61 72
62 63 72
63 64 73
64 65 74
73 64 74
74 65 75
65 66 76
75 65 76
68 69 77
77 69 78
69 70 79
70 71 80
79 70 80
78 69 84
69 79 84
79 80 85
80 81 85
83 84 85
84 79 85
81 82 86
85 81 86
83 85 90
89 83 90
86 82 91
82 87 91
87 88 92
91 87 92
92 88 93
92 93 94
94 93 95
