numPoints 130
0.417778 0.0284127
0.478333 0.0272222
0.538333 0.0316667
0.254138 0.0924138
0.306574 0.0644445
0.361667 0.0425
0.479466 0.0950596
0.596667 0.0430392
0.650991 0.0656757
0.70812 0.092735
0.163333 0.165256
0.207531 0.127407
0.306691 0.166198
0.38744 0.124677
0.466036 0.161994
0.566367 0.142059
0.649625 0.147219
0.757445 0.122778
0.805445 0.155889
0.848571 0.195714
0.0852083 0.252813
0.121149 0.205287
0.230081 0.232098
0.331654 0.248378
0.404456 0.224037
0.499546 0.21841
0.566417 0.248509
0.639023 0.222514
0.721705 0.19315
0.791918 0.243194
0.884946 0.241505
0.0592929 0.305859
0.162521 0.30498
0.245399 0.32872
0.308753 0.305533
0.401968 0.331602
0.476917 0.298443
0.556474 0.333148
0.641798 0.30846
0.721114 0.285571
0.80955 0.321807
0.914804 0.290882
0.93886 0.35
0.032037 0.418333
0.0397143 0.361238
0.124873 0.386063
0.227816 0.403639
0.328883 0.390979
0.428369 0.432766
0.492885 0.397308
0.560548 0.41169
0.630811 0.377067
0.719558 0.374562
0.798279 0.416927
0.872962 0.375975
0.960606 0.413939
0.0292105 0.48
0.0977221 0.479806
0.166461 0.463937
0.231826 0.494628
0.321339 0.470232
0.429573 0.49735
0.579023 0.480057
0.650955 0.449451
0.725375 0.472109
0.80923 0.50564
0.883827 0.459941
0.974697 0.485
0.0312963 0.541667
0.0422917 0.598333
0.149608 0.558956
0.255682 0.563435
0.343834 0.55135
0.416607 0.571385
0.483333 0.550263
0.548519 0.547704
0.651217 0.542877
0.734384 0.553492
0.804894 0.594848
0.892414 0.550743
0.974419 0.557519
0.0574074 0.655
0.130563 0.636928
0.218874 0.644749
0.308106 0.639338
0.378279 0.630867
0.456588 0.642709
0.54075 0.643205
0.619476 0.618528
0.710167 0.636353
0.803914 0.680522
0.875389 0.644106
0.960488 0.62748
0.0764957 0.712821
0.158727 0.714536
0.217011 0.744554
0.291651 0.722778
0.37968 0.714933
0.471846 0.719246
0.551237 0.725565
0.63459 0.710343
0.714406 0.730964
0.805201 0.751107
0.905417 0.745
0.937549 0.69
0.107391 0.767754
0.15 0.817353
0.255381 0.810819
0.331486 0.804973
0.419781 0.793585
0.506132 0.801625
0.589307 0.791637
0.656109 0.826676
0.740227 0.806373
0.83046 0.83069
0.868333 0.794167
0.19303 0.857172
0.235802 0.886049
0.284194 0.913118
0.373583 0.868894
0.462694 0.875474
0.55655 0.875511
0.679143 0.920762
0.734242 0.895252
0.784138 0.864598
0.337407 0.934814
0.406667 0.948651
0.478333 0.957878
0.55 0.954206
0.617521 0.938718
numTriangle 615
1 2 6
0 1 6
3 4 12
11 3 12
5 0 13
0 6 13
4 5 13
12 4 13
13 6 14
6 2 15
2 7 15
14 6 15
7 8 15
8 9 16
15 8 16
10 11 22
11 12 22
21 10 22
22 12 23
12 13 24
23 12 24
13 14 24
14 15 25
24 14 25
25 15 26
15 16 27
26 15 27
16 9 28
9 17 28
27 16 28
17 18 28
18 19 29
28 18 29
29 19 30
20 21 32
21 22 32
31 20 32
32 22 33
22 23 34
33 22 34
23 24 35
34 23 35
24 25 36
35 24 36
25 26 36
36 26 37
26 27 38
37 26 38
27 28 39
38 27 39
28 29 39
29 30 40
39 29 40
40 30 41
31 32 45
44 31 45
43 44 45
32 33 46
45 32 46
33 34 47
46 33 47
34 35 47
47 35 48
35 36 49
48 35 49
36 37 49
49 37 50
37 38 51
50 37 51
38 39 52
51 38 52
39 40 52
52 40 53
40 41 54
41 42 54
53 40 54
54 42 55
43 45 57
56 43 57
45 46 58
57 45 58
58 46 59
46 47 60
59 46 60
47 48 60
60 48 61
50 51 63
62 50 63
51 52 63
52 53 64
63 52 64
64 53 65
53 54 66
65 53 66
54 55 66
66 55 67
56 57 68
57 58 70
58 59 70
68 57 70
69 68 70
59 60 71
70 59 71
60 61 72
71 60 72
72 61 73
73 61 74
62 63 76
75 62 76
63 64 76
64 65 77
76 64 77
77 65 78
65 66 79
78 65 79
66 67 79
79 67 80
69 70 82
81 69 82
70 71 83
82 70 83
71 72 84
83 71 84
72 73 85
84 72 85
73 74 86
85 73 86
74 75 87
86 74 87
75 76 88
87 75 88
76 77 89
88 76 89
77 78 89
89 78 90
78 79 91
90 78 91
79 80 92
91 79 92
81 82 93
82 83 94
93 82 94
94 83 95
83 84 96
95 83 96
84 85 97
96 84 97
85 86 97
86 87 98
97 86 98
98 87 99
87 88 100
99 87 100
88 89 100
89 90 101
100 89 101
101 90 102
90 91 103
102 90 103
91 92 104
103 91 104
93 94 105
94 95 106
105 94 106
95 96 107
106 95 107
96 97 108
107 96 108
97 98 109
108 97 109
98 99 110
109 98 110
99 100 111
110 99 111
100 101 112
111 100 112
101 102 113
112 101 113
113 102 114
102 103 115
114 102 115
106 107 116
116 107 117
107 108 118
117 107 118
108 109 119
118 108 119
109 110 120
119 109 120
110 111 121
120 110 121
111 112 121
112 113 123
122 112 123
113 114 124
123 113 124
118 119 125
119 120 126
125 119 126
120 121 127
126 120 127
127 121 128
121 112 129
112 122 129
128 121 129
