numPoints 119
0.279192 0.112929
0.338333 0.0861403
0.405814 0.0656589
0.481667 0.0555555
0.557519 0.0617829
0.625812 0.0779487
0.683823 0.103235
0.181667 0.178974
0.227471 0.143448
0.315122 0.182249
0.393493 0.147139
0.479696 0.136304
0.57092 0.161126
0.657949 0.16754
0.735862 0.138966
0.7808 0.1792
0.101471 0.275
0.138586 0.222424
0.238458 0.246658
0.335121 0.252809
0.415465 0.226371
0.497835 0.217966
0.563038 0.259674
0.638697 0.236422
0.730557 0.229361
0.821728 0.222469
0.857634 0.27086
0.0709402 0.335812
0.170351 0.321768
0.250157 0.343866
0.308701 0.31445
0.392859 0.321529
0.475324 0.306471
0.561508 0.339737
0.636691 0.32371
0.707152 0.295734
0.79024 0.311302
0.889428 0.322762
0.0507576 0.405
0.127464 0.407176
0.219899 0.417253
0.332312 0.400576
0.436229 0.400984
0.496667 0.400614
0.56 0.399078
0.643505 0.405065
0.724555 0.373355
0.812938 0.39972
0.921482 0.371704
0.942434 0.428519
0.0417021 0.480851
0.132468 0.490063
0.213505 0.501014
0.300271 0.476209
0.402434 0.476825
0.588586 0.449192
0.624386 0.505877
0.718301 0.458837
0.789785 0.498663
0.869419 0.462989
0.945106 0.49078
0.0503704 0.557482
0.155903 0.574995
0.258743 0.563368
0.346135 0.548822
0.433103 0.557759
0.493333 0.586228
0.554722 0.587407
0.600729 0.548958
0.701195 0.54868
0.777967 0.581702
0.86441 0.565532
0.942033 0.55122
0.0696581 0.627521
0.162076 0.662135
0.232638 0.641916
0.316313 0.632139
0.386927 0.623331
0.454865 0.6508
0.549685 0.663989
0.633564 0.62407
0.715208 0.642215
0.814166 0.656517
0.912518 0.67
0.935357 0.614048
0.0983333 0.688333
0.133778 0.741667
0.225865 0.735068
0.296067 0.707357
0.379497 0.711386
0.473469 0.724368
0.559077 0.745369
0.634811 0.714231
0.721692 0.716023
0.795021 0.733723
0.881261 0.724865
0.172533 0.787467
0.214133 0.827067
0.312203 0.791186
0.411689 0.786527
0.505167 0.800581
0.600823 0.823414
0.671377 0.803803
0.73963 0.793839
0.816522 0.819493
0.849009 0.77036
0.258333 0.860476
0.30375 0.894792
0.373294 0.857238
0.453152 0.866601
0.537102 0.873191
0.671742 0.906818
0.727456 0.882544
0.773333 0.850111
0.344924 0.928333
0.409808 0.9425
0.48053 0.945455
0.547174 0.938551
0.60942 0.929058
numTriangle 552
0 1 9
8 0 9
1 2 10
9 1 10
2 3 11
10 2 11
3 4 11
4 5 12
11 4 12
5 6 13
12 5 13
13 6 14
7 8 18
8 9 18
17 7 18
18 9 19
9 10 20
19 9 20
10 11 20
11 12 21
20 11 21
21 12 22
12 13 23
22 12 23
13 14 24
14 15 24
23 13 24
24 15 25
16 17 28
17 18 28
27 16 28
28 18 29
18 19 30
29 18 30
19 20 31
30 19 31
20 21 32
31 20 32
21 22 32
32 22 33
22 23 34
33 22 34
23 24 35
34 23 35
24 25 36
35 24 36
25 26 36
36 26 37
27 28 39
38 27 39
28 29 40
39 28 40
29 30 41
40 29 41
30 31 41
31 32 42
41 31 42
32 33 43
42 32 43
43 33 44
33 34 45
44 33 45
34 35 46
45 34 46
35 36 46
36 37 47
46 36 47
47 37 48
38 39 50
39 40 51
50 39 51
51 40 52
40 41 53
52 40 53
41 42 54
53 41 54
44 45 55
55 45 56
45 46 57
56 45 57
46 47 57
57 47 58
47 48 59
48 49 59
58 47 59
59 49 60
50 51 61
51 52 62
61 51 62
52 53 63
62 52 63
53 54 64
63 53 64
64 54 65
56 57 69
57 58 69
68 56 69
69 58 70
58 59 71
70 58 71
59 60 71
71 60 72
61 62 73
73 62 74
62 63 75
74 62 75
63 64 76
75 63 76
64 65 77
76 64 77
65 66 78
77 65 78
66 67 79
78 66 79
67 68 80
79 67 80
68 69 80
69 70 81
80 69 81
70 71 82
81 70 82
82 71 83
71 72 84
83 71 84
73 74 85
85 74 86
74 75 87
86 74 87
75 76 88
87 75 88
76 77 89
88 76 89
77 78 89
78 79 90
89 78 90
90 79 91
79 80 92
91 79 92
80 81 92
81 82 93
92 81 93
93 82 94
82 83 95
94 82 95
86 87 96
96 87 97
87 88 98
97 87 98
88 89 98
89 90 99
98 89 99
90 91 100
99 90 100
91 92 101
100 91 101
92 93 102
101 92 102
93 94 103
102 93 103
103 94 104
94 95 105
104 94 105
97 98 106
106 98 107
98 99 108
107 98 108
99 100 109
108 99 109
100 101 110
109 100 110
101 102 111
102 103 112
111 102 112
103 104 113
112 103 113
107 108 114
108 109 115
114 108 115
109 110 116
115 109 116
116 110 117
110 101 118
101 111 118
117 110 118
